4|1|1
4|1|16
4|1|31
4|1|46
4|1|61
4|1|76
4|1|91
4|1|106
4|1|121
4|1|136
4|1|151
4|1|166
4|1|181
4|1|196
4|1|211
4|1|226
4|1|241
4|1|256
4|1|271
4|1|286
4|1|301
4|1|316
4|1|331
4|1|346
4|1|361
4|1|376
4|1|391
4|1|406
4|1|421
4|1|436
4|2|2
4|2|17
4|2|32
4|2|47
4|2|62
4|2|77
4|2|92
4|2|107
4|2|122
4|2|137
4|2|152
4|2|167
4|2|182
4|2|197
4|2|212
4|2|227
4|2|242
4|2|257
4|2|272
4|2|287
4|2|302
4|2|317
4|2|332
4|2|347
4|2|362
4|2|377
4|2|392
4|2|407
4|2|422
4|2|437
4|3|3
4|3|18
4|3|33
4|3|48
4|3|63
4|3|78
4|3|93
4|3|108
4|3|123
4|3|138
4|3|153
4|3|168
4|3|183
4|3|198
4|3|213
4|3|228
4|3|243
4|3|258
4|3|273
4|3|288
4|3|303
4|3|318
4|3|333
4|3|348
4|3|363
4|3|378
4|3|393
4|3|408
4|3|423
4|3|438
4|4|4
4|4|19
4|4|34
4|4|49
4|4|64
4|4|79
4|4|94
4|4|109
4|4|124
4|4|139
4|4|154
4|4|169
4|4|184
4|4|199
4|4|214
4|4|229
4|4|244
4|4|259
4|4|274
4|4|289
4|4|304
4|4|319
4|4|334
4|4|349
4|4|364
4|4|379
4|4|394
4|4|409
4|4|424
4|4|439
4|5|5
4|5|20
4|5|35
4|5|50
4|5|65
4|5|80
4|5|95
4|5|110
4|5|125
4|5|140
4|5|155
4|5|170
4|5|185
4|5|200
4|5|215
4|5|230
4|5|245
4|5|260
4|5|275
4|5|290
4|5|305
4|5|320
4|5|335
4|5|350
4|5|365
4|5|380
4|5|395
4|5|410
4|5|425
4|5|440
4|6|6
4|6|21
4|6|36
4|6|51
4|6|66
4|6|81
4|6|96
4|6|111
4|6|126
4|6|141
4|6|156
4|6|171
4|6|186
4|6|201
4|6|216
4|6|231
4|6|246
4|6|261
4|6|276
4|6|291
4|6|306
4|6|321
4|6|336
4|6|351
4|6|366
4|6|381
4|6|396
4|6|411
4|6|426
4|6|441
4|7|7
4|7|22
4|7|37
4|7|52
4|7|67
4|7|82
4|7|97
4|7|112
4|7|127
4|7|142
4|7|157
4|7|172
4|7|187
4|7|202
4|7|217
4|7|232
4|7|247
4|7|262
4|7|277
4|7|292
4|7|307
4|7|322
4|7|337
4|7|352
4|7|367
4|7|382
4|7|397
4|7|412
4|7|427
4|7|442
4|8|8
4|8|23
4|8|38
4|8|53
4|8|68
4|8|83
4|8|98
4|8|113
4|8|128
4|8|143
4|8|158
4|8|173
4|8|188
4|8|203
4|8|218
4|8|233
4|8|248
4|8|263
4|8|278
4|8|293
4|8|308
4|8|323
4|8|338
4|8|353
4|8|368
4|8|383
4|8|398
4|8|413
4|8|428
4|8|443
4|9|9
4|9|24
4|9|39
4|9|54
4|9|69
4|9|84
4|9|99
4|9|114
4|9|129
4|9|144
4|9|159
4|9|174
4|9|189
4|9|204
4|9|219
4|9|234
4|9|249
4|9|264
4|9|279
4|9|294
4|9|309
4|9|324
4|9|339
4|9|354
4|9|369
4|9|384
4|9|399
4|9|414
4|9|429
4|9|444
4|10|10
4|10|25
4|10|40
4|10|55
4|10|70
4|10|85
4|10|100
4|10|115
4|10|130
4|10|145
4|10|160
4|10|175
4|10|190
4|10|205
4|10|220
4|10|235
4|10|250
4|10|265
4|10|280
4|10|295
4|10|310
4|10|325
4|10|340
4|10|355
4|10|370
4|10|385
4|10|400
4|10|415
4|10|430
4|10|445
4|11|11
4|11|26
4|11|41
4|11|56
4|11|71
4|11|86
4|11|101
4|11|116
4|11|131
4|11|146
4|11|161
4|11|176
4|11|191
4|11|206
4|11|221
4|11|236
4|11|251
4|11|266
4|11|281
4|11|296
4|11|311
4|11|326
4|11|341
4|11|356
4|11|371
4|11|386
4|11|401
4|11|416
4|11|431
4|11|446
4|12|12
4|12|27
4|12|42
4|12|57
4|12|72
4|12|87
4|12|102
4|12|117
4|12|132
4|12|147
4|12|162
4|12|177
4|12|192
4|12|207
4|12|222
4|12|237
4|12|252
4|12|267
4|12|282
4|12|297
4|12|312
4|12|327
4|12|342
4|12|357
4|12|372
4|12|387
4|12|402
4|12|417
4|12|432
4|12|447
4|13|13
4|13|28
4|13|43
4|13|58
4|13|73
4|13|88
4|13|103
4|13|118
4|13|133
4|13|148
4|13|163
4|13|178
4|13|193
4|13|208
4|13|223
4|13|238
4|13|253
4|13|268
4|13|283
4|13|298
4|13|313
4|13|328
4|13|343
4|13|358
4|13|373
4|13|388
4|13|403
4|13|418
4|13|433
4|13|448
4|14|14
4|14|29
4|14|44
4|14|59
4|14|74
4|14|89
4|14|104
4|14|119
4|14|134
4|14|149
4|14|164
4|14|179
4|14|194
4|14|209
4|14|224
4|14|239
4|14|254
4|14|269
4|14|284
4|14|299
4|14|314
4|14|329
4|14|344
4|14|359
4|14|374
4|14|389
4|14|404
4|14|419
4|14|434
4|14|449
4|15|15
4|15|30
4|15|45
4|15|60
4|15|75
4|15|90
4|15|105
4|15|120
4|15|135
4|15|150
4|15|165
4|15|180
4|15|195
4|15|210
4|15|225
4|15|240
4|15|255
4|15|270
4|15|285
4|15|300
4|15|315
4|15|330
4|15|345
4|15|360
4|15|375
4|15|390
4|15|405
4|15|420
4|15|435
4|15|450